Feature	Gain	Cover	Frequency
ctrx_quarter	0.184929822455076	0.028009880726519	0.0261847577763459
cpayroll_trx	0.0807888514771121	0.0197421276285828	0.00925546248022963
mtarjeta_visa_consumo	0.0577777070457351	0.0171148812059722	0.0168121375432019
mcuentas_saldo	0.0550173054324719	0.0247539878614484	0.0386620584617187
mcaja_ahorro	0.0292725699942016	0.017603914988196	0.0237244449651456
ctarjeta_visa_transacciones	0.028622683823317	0.0118293245328464	0.0171050319254877
mrentabilidad_annual	0.0241377048675343	0.0210047308203131	0.0296994903637748
mactivos_margen	0.0210972821576309	0.0197861577001051	0.0223771308066311
cliente_edad	0.0183098296928918	0.0348978811570704	0.0387206373381759
mprestamos_personales	0.0182875010630972	0.0220814351333584	0.00907972585085818
Visa_mpagominimo	0.0167958908558788	0.0256631666639851	0.0318083299162322
Master_fechaalta	0.0165707136365576	0.0198243508349428	0.0284693339581747
Visa_status	0.0163959338765194	0.015968218734976	0.00392478472262902
mpayroll	0.0161455005674903	0.0286609184737171	0.0156405600140589
Visa_Fvencimiento	0.0157044022547779	0.0210306178325454	0.0268291254173745
Visa_fechaalta	0.0150942216049736	0.0177007254019929	0.0263019155292601
mcuenta_corriente	0.0146917798750354	0.0197387507428708	0.022318551930174
numero_de_cliente	0.014645988722067	0.0177785389999905	0.0244859703590885
Master_Fvencimiento	0.0138281249897297	0.0176861469961695	0.0292308593521176
chomebanking_transacciones	0.0137534693340647	0.0152317730642673	0.022728604065374
mtransferencias_recibidas	0.0126304268414161	0.0190381819157144	0.0222599730537168
Master_mfinanciacion_limite	0.0121002808394465	0.0121380880682171	0.0212055532774881
mrentabilidad	0.0115429666412093	0.0128945603435042	0.0192138714779451
Visa_mconsumospesos	0.0110608531673224	0.0196997111862018	0.0207955011422881
Visa_mpagospesos	0.0110534841664216	0.0162001984611282	0.0202682912541737
cliente_antiguedad	0.0105049045781937	0.0119305474888768	0.0207369222658309
cmobile_app_trx	0.0097934247303132	0.0152106917330047	0.0181594517017164
cproductos	0.00963392271239723	0.0103967137756013	0.0106027766387441
mpasivos_margen	0.00934154486291558	0.0112246243468425	0.0173979263077734
Visa_msaldototal	0.00869764713217254	0.00841346674326183	0.0110714076504013
Visa_mconsumosdolares	0.00866605881302212	0.0081867357126254	0.0141760881026302
cprestamos_personales	0.0084257788611764	0.00781358837451908	0.00269462831702888
Visa_mfinanciacion_limite	0.00790880399361546	0.00549951949644819	0.0129459316970301
ccomisiones_mantenimiento	0.00790528999100097	0.00729751603563029	0.00363189034034327
mcaja_ahorro_dolares	0.00752185847269361	0.00966105438236502	0.0141760881026302
mtransferencias_emitidas	0.00747726061429055	0.01858440152942	0.0206197645129166
mcomisiones_mantenimiento	0.00734876024017667	0.00863020940951395	0.00855251596274384
mcomisiones_otras	0.00672388724382466	0.0063537028839801	0.011364302032687
Visa_cconsumos	0.00648339924270464	0.0176289878511798	0.0139417725968016
mcomisiones	0.00633792941174307	0.00556904197453097	0.0110714076504013
Visa_msaldopesos	0.00567357906686986	0.00530391390501081	0.00984125124480112
mcuenta_debitos_automaticos	0.00558255777293042	0.0113763641635429	0.00761525393942944
Master_status	0.00547479314228304	0.00620473117472471	0.00164020854080019
Master_mlimitecompra	0.00546172386480011	0.00854639897885323	0.00989983012125827
mautoservicio	0.0053096400929089	0.00958858336376051	0.0131216683264015
mttarjeta_visa_debitos_automaticos	0.00524654045883409	0.00766782778725477	0.00978267236834397
ccallcenter_transacciones	0.00505848432210468	0.00574647076716002	0.00292894382285748
Master_msaldopesos	0.00503536189621961	0.00937134193941018	0.00620936090445785
ccomisiones_otras	0.00439660003224893	0.00476514953958936	0.00779099056880089
thomebanking	0.00425379856251169	0.00340071167969065	0.00333899595805752
ctarjeta_debito_transacciones	0.00425298992282596	0.0135177952605987	0.0120672485501728
ctransferencias_emitidas	0.00399057965528068	0.0135349686754683	0.0118329330443442
mpagomiscuentas	0.0039766936431822	0.0134549106660288	0.00937262023314393
ctransferencias_recibidas	0.00393895806125164	0.00664130880743782	0.00890398922148673
Visa_fultimo_cierre	0.00383342488493558	0.0160783063827341	0.00656083416320075
tcallcenter	0.00365385966326563	0.00232168374068198	0.00169878741725734
ctarjeta_debito	0.00364335619508603	0.00309813567860892	0.0061507820280007
Visa_mlimitecompra	0.00357309425769379	0.00531334923468034	0.006267939780915
Master_mpagospesos	0.00353632112328429	0.00879346907134728	0.00702946517485795
mplazo_fijo_dolares	0.00321426170400747	0.0167510445080109	0.00363189034034327
ctarjeta_visa_debitos_automaticos	0.00319686131782279	0.00920643490891721	0.0061507820280007
Master_fultimo_cierre	0.00315183886181196	0.00500534997274844	0.00492062562240056
ccaja_ahorro	0.00283293132541487	0.00870803474299623	0.00328041708160038
ccuenta_debitos_automaticos	0.00281166774956289	0.00555310518635779	0.00369046921680042
Master_msaldototal	0.00259456127250653	0.0033056322498817	0.00421767910491477
Visa_mpagosdolares	0.00255488048447308	0.0119734817595186	0.00550641438697206
mtarjeta_master_consumo	0.00253318735755911	0.00360254587961324	0.00240173393474313
ccajas_otras	0.0024014312202946	0.0107174372367797	0.00187452404662879
Master_mconsumospesos	0.00234458929133761	0.00603883983045558	0.00456915236365767
mextraccion_autoservicio	0.00233999744266923	0.00720860360301207	0.00503778337531486
ctarjeta_master	0.00217981133619991	0.000132869157361337	0.000292894382285748
cpagomiscuentas	0.00194080809847043	0.00350616087713547	0.00404194247554332
ccaja_seguridad	0.00187491036827219	0.00877446785474132	0.00251889168765743
mdescubierto_preacordado	0.00172532285040122	0.00730525998857269	0.00246031281120028
Master_cconsumos	0.00171869681350247	0.00664144376551145	0.00351473258742897
Visa_mpagado	0.00161093466862743	0.008119899193595	0.00281178606994318
cextraccion_autoservicio	0.0015044414026588	0.0031185202154696	0.00339757483451467
ctarjeta_master_transacciones	0.00145776526399639	0.0016338053732536	0.00128873528205729
Visa_mconsumototal	0.00143648190582236	0.00228889479653187	0.00269462831702888
tpaquete4	0.00139746942821863	0.00598097068864376	0.00152305078788589
matm	0.00118591164079399	0.00444948553923654	0.00316325932868608
ccajas_extracciones	0.00116392555120164	0.00223817696568693	0.00205026067600023
tmobile_app	0.00101528311490678	0.000533826660249234	0.00164020854080019
mforex_sell	0.00100631256105852	0.00205639724211886	0.00169878741725734
matm_other	0.000947834100262888	0.00390686166629635	0.00287036494640033
cinversion2	0.000928112654867691	0.00496952153807046	0.000878683146857243
ccajas_consultas	0.000736866156455038	0.00666611468814551	0.00158162966434304
internet	0.00072070028647626	0.000466839046853793	0.00105441977622869
Visa_msaldodolares	0.000720360453836739	0.00557169126019378	0.00257747056411458
cseguro_vida	0.000697828044929562	0.00321252731536741	0.000995840899771542
mttarjeta_master_debitos_automaticos	0.000607906635353672	0.0024983321235809	0.00111299865268584
catm_trx	0.000535072031263705	0.00185289513643845	0.00123015640560014
active_quarter	0.00051041214679747	0.00249928856558098	0.00123015640560014
Master_mconsumototal	0.000448470200215115	0.00117392840267649	0.000761525393942944
Master_mconsumosdolares	0.000388944708783317	0.000263933983955644	0.000761525393942944
catm_trx_other	0.000345368865186571	0.00272134300557897	0.000878683146857243
Master_mpagosdolares	0.000280353988909772	0.000166325557201692	0.000351473258742897
cforex	0.000256162233549453	0.00038288192263478	0.000468631011657196
Master_msaldodolares	0.000248634877997962	0.000186010365789307	0.000234315505828598
ccajas_depositos	0.00021819630049035	0.00526493449270064	0.000937262023314393
minversion2	0.000175795309981489	0.00102854775172817	0.000175736629371449
cseguro_vivienda	0.000172353755096443	0.000389502202920636	0.000468631011657196
cforex_sell	0.000166471999626846	0.000296419272440086	0.000234315505828598
ccheques_depositados	0.000144498069579581	0.00137379690891793	0.000234315505828598
Master_mpagado	0.000142660415133212	0.000495096626988172	0.000527209888114346
cseguro_accidentes_personales	9.26895542483202e-05	0.000273665634612939	0.000234315505828598
cplazo_fijo	9.22647518770734e-05	0.00110750409254491	0.000234315505828598
tcuentas	7.50125819093438e-05	0.00310724241470788	0.000527209888114346
mcheques_depositados	6.9267104126653e-05	0.000690498314379528	0.000117157752914299
mcaja_ahorro_adicional	6.04816215352944e-05	0.000765564342030278	0.000175736629371449
Master_delinquency	5.83800570423441e-05	1.09140007371527e-05	5.85788764571496e-05
ctarjeta_master_debitos_automaticos	2.89080883124043e-05	0.000420758199386565	0.000117157752914299
ctarjeta_visa	1.75867423310942e-05	9.19357868546823e-05	0.000117157752914299
Visa_madelantopesos	2.46922529919183e-10	2.18646748638792e-05	5.85788764571496e-05
Visa_cadelantosefectivo	6.20970843740297e-11	4.96102944798076e-05	5.85788764571496e-05
Visa_madelantodolares	2.24782335315577e-11	1.84701859249315e-05	5.85788764571496e-05
