Feature	Gain	Cover	Frequency
ctrx_quarter	0.163195041294967	0.0196893547919817	0.0187850257789733
cpayroll_trx	0.0754420150926303	0.0167192042597713	0.00564895763281775
mtarjeta_visa_consumo	0.0674355011907592	0.0151851121600662	0.0150190540237615
mcaja_ahorro	0.0526128105660925	0.0212486936794298	0.0221923335574983
mcuentas_saldo	0.0513914745323581	0.0286023985419235	0.0338040798027348
ctarjeta_visa_transacciones	0.0489301961725056	0.0129132335301261	0.0163192109392513
mpayroll	0.0310481306256311	0.0183571238820757	0.00887693342299933
mprestamos_personales	0.0235667219697998	0.0202595876742321	0.00919076440260031
mactivos_margen	0.0221194314277251	0.0287686678957678	0.0263618022864829
mrentabilidad_annual	0.0209231026332742	0.0268998117640321	0.0318314279309572
mpasivos_margen	0.0183485329265187	0.011947303732027	0.0176642008518269
cliente_edad	0.0153674623976335	0.0304338789649264	0.0348800717327953
mcuenta_corriente	0.014734197818654	0.0211159612909159	0.0216991705895539
Visa_fechaalta	0.014151678043921	0.01801591167231	0.0246581483972204
Visa_mpagominimo	0.0138475788371876	0.0189338347910992	0.0246581483972204
Master_fechaalta	0.0137391543825491	0.0181062851337269	0.0271239632369424
Visa_status	0.0135861062848505	0.0241695210326491	0.00739744451916611
Visa_Fvencimiento	0.0119507741910499	0.0183695662179659	0.0272136292311141
chomebanking_transacciones	0.011783732418582	0.018593726995744	0.0249719793768213
mtransferencias_recibidas	0.0114216691387962	0.0148619892529025	0.018874691773145
numero_de_cliente	0.0110068382672363	0.0206843284896731	0.025375476350594
Visa_msaldopesos	0.0107859754768078	0.00756157827697101	0.010535754315176
cproductos	0.0105732012072278	0.0103856562571307	0.0101770903384891
Visa_msaldototal	0.0105056770524009	0.0117221194464418	0.0153777180004483
Master_Fvencimiento	0.0103608216942743	0.0169134995039078	0.0249271463797355
cliente_antiguedad	0.00966655472876208	0.0163904956549741	0.0233131584846447
Visa_mconsumospesos	0.00949690906519813	0.0184568039593781	0.0211611746245236
Master_mfinanciacion_limite	0.00947241613497386	0.016152716646304	0.0215198386012105
mrentabilidad	0.00893434807780879	0.0121258261160199	0.0193230217440036
Visa_mpagospesos	0.0086038692626069	0.0201244233746124	0.0205335126653217
cmobile_app_trx	0.00813196978967265	0.0176289927301717	0.019816184711948
Visa_mconsumosdolares	0.00803622585741288	0.00971407253694404	0.0172607038780543
mcaja_ahorro_dolares	0.00781519362802258	0.0146237923576988	0.0179331988343421
mcomisiones	0.00752746298528475	0.00654339773764196	0.0140327280878727
mcomisiones_mantenimiento	0.00729708548224668	0.0121601972834156	0.0106702533064335
Visa_mfinanciacion_limite	0.00692112363338243	0.00892040782184649	0.0149293880295898
ccallcenter_transacciones	0.00670223843346576	0.00667452848961042	0.00358663976686842
mcuenta_debitos_automaticos	0.00647955889005097	0.00999892740623518	0.00793544048419637
Master_mlimitecompra	0.00633552418220162	0.0125206016391918	0.0137637301053575
Visa_cconsumos	0.00624284290762129	0.0126658926177445	0.0146155570499888
mcomisiones_otras	0.00609487393781041	0.00703297851889071	0.0134050661286707
mtransferencias_emitidas	0.00562680794417928	0.0131894400333724	0.0145258910558171
mautoservicio	0.00542339861891888	0.0125950294302443	0.0130464021519839
ccomisiones_mantenimiento	0.00532678894245701	0.0015435471752803	0.00331764178435328
mtarjeta_master_consumo	0.00526592368314278	0.00505101102819922	0.00264514682806546
Master_status	0.00518664874295298	0.0117725548948535	0.00313830979600986
thomebanking	0.00506343975908283	0.004715364878542	0.00555929163864604
ctarjeta_debito_transacciones	0.00498712130829102	0.012104312029044	0.0108944182918628
Visa_mlimitecompra	0.00441750137098607	0.00869761774331895	0.0103115893297467
ccomisiones_otras	0.00403218478456441	0.00452878953826467	0.00735261152208025
tcallcenter	0.00402826041051172	0.00280122382847236	0.00192781887469177
Master_msaldopesos	0.0039601582953796	0.00793215487073827	0.00708361353956512
Visa_mconsumototal	0.00384568632817796	0.00662866779904125	0.00878726742882762
ccaja_ahorro	0.00366623284172902	0.0139331932292274	0.00416946872898453
mpagomiscuentas	0.00359759920148105	0.0104913846921575	0.00981842636180229
ctransferencias_emitidas	0.00352546793301304	0.00832495250238425	0.0102667563326608
Master_msaldototal	0.00345758527890671	0.00413545855143754	0.00623178659493387
mttarjeta_visa_debitos_automaticos	0.00333255665302726	0.00470781857040453	0.00802510647836808
ctransferencias_recibidas	0.00313375603008289	0.00583488604429423	0.00735261152208025
Visa_fultimo_cierre	0.00299169799488801	0.0157144762106226	0.00735261152208025
ctarjeta_visa_debitos_automaticos	0.00294686145146767	0.0107257043544097	0.00717327953373683
ctarjeta_debito	0.00280951638940751	0.00362055557434954	0.00587312261824703
ctarjeta_master	0.00271128815173265	0.000383197238385217	0.000582828962116117
mplazo_fijo_dolares	0.00269679148294824	0.00739584620581285	0.00313830979600986
Master_mpagospesos	0.00267296101380621	0.00928254499283568	0.00627661959201973
cprestamos_personales	0.00246730371524207	0.00991135975440161	0.00367630576104013
ccuenta_debitos_automaticos	0.00233050639475908	0.00508719827391433	0.0039004707464694
mdescubierto_preacordado	0.00220567430767809	0.0116280313507809	0.00354180676978256
ccaja_seguridad	0.00194267756984826	0.0108805493816639	0.00322797579018157
Visa_mpagosdolares	0.0019287102697474	0.0106567562183553	0.00475229769110065
Master_fultimo_cierre	0.00183804871870831	0.00392439993039236	0.00425913472315624
Master_mconsumospesos	0.0017697081482285	0.00801209530783105	0.00524546065904506
mextraccion_autoservicio	0.00157252909690291	0.00550530631888451	0.00493162967944407
ctarjeta_visa	0.00137272054203922	0.0004501132833444	0.000582828962116117
Master_cconsumos	0.00127544154543849	0.00908622158510899	0.00412463573189868
ccajas_consultas	0.00124775700518597	0.0105358817529852	0.00282447881640888
cpagomiscuentas	0.00116761894601332	0.00297641333170872	0.00372113875812598
mforex_sell	0.00111223487479977	0.00348956228505664	0.0026003138309796
Visa_mpagado	0.000948078268569736	0.0082821411267094	0.00282447881640888
catm_trx	0.000839182020775215	0.00384296075738553	0.00242098184263618
tmobile_app	0.000835827982285011	0.00087561053625141	0.00228648285137861
cextraccion_autoservicio	0.00080004494030631	0.00223770540879707	0.00233131584846447
matm	0.000780425129418585	0.00239479696892035	0.00246581483972204
Master_mconsumototal	0.000779252657051419	0.00348674233645525	0.0021968168572069
cplazo_fijo	0.000728589609337471	0.00774095528605528	0.00206231786594934
cseguro_vida	0.000592796152311583	0.00538394405739149	0.0017036538892625
internet	0.00046166897082007	0.000571804669757748	0.000896659941717104
ccajas_extracciones	0.000460994908470205	0.0020273663066708	0.0017036538892625
Master_mconsumosdolares	0.00044883828961845	0.000730172669011183	0.00112082492714638
matm_other	0.000442417354485413	0.00108837212347147	0.00121049092131809
Visa_msaldodolares	0.000398877434185816	0.000668555613819394	0.000896659941717104
active_quarter	0.00037961124899095	0.00442650002662966	0.00165882089217664
Master_mpagosdolares	0.000357465269936572	0.000663361095685421	0.000941492938802959
mttarjeta_master_debitos_automaticos	0.000315435908124215	0.00148556463323019	0.000762160950459538
ctarjeta_master_transacciones	0.000229610779458041	0.000302299275569579	0.000448329970858552
cforex	0.000153633146199955	0.00026417341337864	0.000403496973772697
catm_trx_other	0.00014132142553112	0.00131004600507351	0.000627661959201973
cforex_sell	9.24204616820546e-05	0.000442456219565484	0.000403496973772697
cseguro_vivienda	7.64801999754179e-05	0.000534516937137193	0.000313830979600986
Master_msaldodolares	5.89764124280559e-05	0.000135699225802906	0.000134498991257566
cseguro_accidentes_personales	5.40500857808663e-05	0.000265200848690789	0.000224164985429276
Master_mpagado	3.96456454240959e-05	0.000212825212801314	0.000179331988343421
ctarjeta_master_debitos_automaticos	3.78313608325998e-05	0.000158194403531734	8.96659941717104e-05
Master_madelantopesos	2.33358943158109e-05	1.1000941549418e-05	4.48329970858552e-05
Visa_madelantopesos	5.80046546083078e-11	1.10095820604528e-05	4.48329970858552e-05
